0.000250 0.000250
0.005750 0.005750
0.016500 0.016500
0.032500 0.032500
0.053750 0.053750
0.080250 0.080250
0.112000 0.112000
0.149000 0.149000
0.191250 0.191250
0.238750 0.238750
0.291500 0.291500
0.349500 0.349500
0.412750 0.412750
0.481250 0.481250
0.555000 0.555000
0.634000 0.634000
0.718250 0.718250
0.807750 0.807750
0.902500 0.902500
0.966724 1.028497
0.990055 1.175503
0.965683 1.329861
0.891460 1.475762
0.770556 1.596859
0.644407 1.723209
0.513012 1.854814
0.376371 1.991673
0.234484 2.133786
