-1.178628
0.044372
0.044372
0.053172
0.060872
0.058272
0.031472
0.041872
0.050172
0.057072
0.046672
0.046172
0.037972
0.054772
0.044872
0.036572
0.047472
0.066272
0.038372
0.039572
0.040572
0.041372
0.057172
0.056572
0.046272
0.045772
0.045372
0.052672
0.036172
0.046072
0.045572
0.037872
0.046872
0.038772
0.039872
0.040872
0.057172
0.046672
0.046172
0.037972
0.057372
0.047572
0.047272
0.047272
0.047272
0.047172
0.056872
0.037272
0.037172
0.037072
0.036972
0.056272
0.025872
0.044872
0.044772
0.044672
0.030172
0.048272
0.047272
0.039072
0.040172
0.056272
0.053372
0.053172
0.053072
0.043172
0.052872
0.062572
0.042872
0.042872
0.042872
0.062172
0.042472
0.042472
0.042372
0.042172
0.042172
0.051772
0.032072
0.051372
0.041572
0.041472
0.041272
0.050872
0.041072
0.040972
0.040972
0.050472
0.030972
0.040772
0.040672
0.021072
0.030972
0.040572
0.040572
0.030672
0.050072
0.040272
0.049872
0.040172
0.040072
0.049672
0.049572
0.049372
0.049272
0.029472
0.029772
0.049072
0.039172
0.019872
0.058672
0.039172
0.039272
0.039172
0.039072
0.029572
0.048872
0.041872
0.042772
0.050372
0.056472
0.038972
0.039972
0.041072
0.041972
0.050172
0.041572
0.051172
0.031672
0.021972
-0.009028
0.061472
0.080172
0.047172
0.045072
0.042072
0.031572
0.039472
0.037472
0.017072
0.035072
0.034572
0.033972
0.032572
0.031472
0.030872
0.030172
0.029672
0.029272
0.028572
0.027972
0.031272
0.030372
0.029572
0.028672
0.028072
0.027672
0.026972
0.026472
0.025972
0.025272
0.024172
0.023572
0.022772
0.021472
0.020472
0.018972
0.027372
0.016172
0.015372
0.021672
0.020372
0.008972
0.016872
0.014372
0.052472
0.011872
0.013072
0.019372
-0.007428
0.107072
0.005072
0.009172
0.093472
0.004272
0.005572
0.069172
-0.002828
-0.003928
-0.005428
0.043672
0.032772
-0.006728
0.001172
0.018372
0.036472
0.025472
0.015372
0.014872
0.004772
0.043272
0.071972
0.041972
-0.008228
-0.018228
-0.017728
0.021072
0.039272
0.009472
0.016272
0.005172
0.043272
0.043472
0.022772
0.009772
0.017772
0.025772
0.033972
0.019172
0.055372
0.034372
0.003072
0.030372
0.047972
0.023472
0.013072
0.035672
0.052672
0.039572
0.007472
-0.013428
0.006172
0.064772
0.093472
0.033272
-0.026828
-0.026628
-0.015828
0.043572
0.023472
0.002372
0.011172
0.030572
0.040972
0.021972
0.021972
0.021572
0.041172
0.050372
0.030572
0.011072
0.021272
0.021472
0.011672
0.040872
0.069972
0.059872
0.049772
0.039872
0.020672
0.031372
0.042072
0.032372
0.070872
0.089472
0.108472
0.098572
0.059472
0.059972
0.030672
0.030572
0.049772
0.059472
0.108172
0.098172
0.088272
0.068772
0.019972
0.010472
0.049572
0.059072
0.068472
0.097472
0.097072
0.125772
0.154372
0.104672
0.055272
0.065272
0.046372
0.028172
0.019572
0.020172
-0.009228
0.048672
0.057372
0.056372
0.036172
0.035972
0.026072
0.026372
0.075672
0.036772
0.053572
0.034072
0.024272
0.024372
0.024472
0.024472
0.004972
-0.014328
-0.014728
-0.024728
-0.024928
-0.034828
0.004172
0.023272
0.022472
0.050972
0.030872
0.010972
0.011172
0.011572
0.031572
0.012072
-0.027528
-0.008428
0.020372
0.020072
0.010072
0.019672
0.009572
0.019172
0.028772
0.018972
0.028572
0.047972
0.038172
0.018572
-0.010828
0.006472
0.004972
0.033172
0.031672
0.069272
0.058172
0.057372
0.017772
-0.001828
0.008172
0.027672
0.027372
0.016672
-0.013528
-0.033728
-0.023728
-0.032928
-0.041928
-0.041228
-0.050828
-0.060628
-0.041128
-0.041528
-0.002528
-0.022528
0.006472
-0.003928
0.034872
0.142072
0.171172
0.082372
-0.016128
0.023072
0.052272
-0.045928
0.051572
0.012072
0.158072
0.098972
0.176872
0.205572
0.077072
0.008972
0.087572
0.028672
0.135672
0.065472
0.064672
0.114172
0.123972
0.084072
0.171772
0.083272
0.033972
0.121272
0.072072
-0.055528
0.138472
-0.156928
0.040672
-0.047428
0.020572
-0.048628
0.009972
-0.039628
-0.030428
-0.060428
-0.149628
-0.149528
-0.062028
0.054672
0.131672
0.072472
0.081872
-0.184028
-0.205928
-0.069628
0.154872
-0.032328
-0.082028
-0.132128
-0.232028
-0.281728
-0.293028
-0.225828
-0.079928
-0.306128
-0.217728
-0.285828
-0.275928
-0.188928
-0.132228
-0.104828
-0.213328
-0.251328
-0.259128
-0.248128
-0.171628
-0.087228
0.026772
0.057672
0.136872
0.281772
0.221472
0.075872
0.007272
-0.120628
-0.139928
-0.091628
-0.092228
-0.102028
-0.113028
-0.152928
-0.241128
-0.329828
-0.379428
-0.320628
-0.291628
-0.214828
-0.277828
-0.342528
-0.308628
-0.296028
0.010872
-0.113928
-0.086628
0.113272
0.144072
0.077972
-0.002028
0.084572
0.183272
0.231072
0.149872
-0.024828
-0.091328
-0.080128
-0.020628
0.006972
0.326772
0.403572
0.385772
0.200172
0.219372
0.582172
0.405972
0.631172
0.601572
0.364272
0.548672
0.638472
0.432672
0.166672
0.110172
0.051272
0.080072
-0.165328
0.187672
0.185972
0.246372
0.187672
0.031472
0.061072
0.295072
0.098872
-0.028128
-0.026128
0.128572
0.000672
0.050672
0.030172
0.128872
0.235072
0.166072
0.187972
0.060272
-0.136428
-0.125528
-0.126028
-0.008928
-0.028628
0.037472
-0.021528
-0.001528
0.049172
0.027772
-0.087428
-0.033328
0.002572
0.079872
0.045372
-0.032628
-0.011628
0.079172
0.075372
-0.017928
-0.071028
-0.071428
-0.017428
-0.068628
-0.154528
-0.230628
-0.280828
-0.275028
-0.277128
-0.227128
-0.137328
-0.059728
-0.072228
-0.131728
-0.198628
-0.217828
-0.344728
-0.479128
-0.545328
-0.466528
-0.427628
-0.455828
-0.376128
-0.356328
-0.162128
-0.067428
0.166172
0.214772
0.104872
0.023972
0.001272
-0.106228
0.107472
0.320872
0.192772
0.137272
0.032072
0.159972
0.090172
0.031172
0.177772
0.186772
0.116772
-0.011728
0.624072
0.413372
0.297072
-0.007628
1.078872
0.184072
-0.269228
0.203472
0.245972
0.206072
0.009072
0.021272
-0.073528
-0.043628
-0.078628
-0.023928
0.076272
-0.097928
-0.252428
-0.050328
-0.094628
-0.016328
-0.146628
-0.156428
-0.104428
-0.171428
-0.201828
-0.045728
-0.024328
-0.003428
0.064172
0.090772
0.118272
0.147872
0.246772
0.187872
0.216772
0.147172
0.037472
-0.080628
-0.206628
-0.223428
-0.272128
-0.205028
-0.118628
-0.014428
-0.059228
-0.248128
-0.509028
-0.603528
-0.477928
-0.433728
-0.317428
-0.246728
-0.187828
-0.093028
-0.243028
-0.271728
-0.358428
-0.368728
-0.302128
-0.390428
-0.632828
-0.649928
-0.591928
-0.517428
-0.502728
-0.398028
-0.379128
-0.280928
-0.234828
-0.315228
-0.256628
-0.235828
-0.108728
-0.140528
-0.123728
0.003272
-0.006828
-0.086828
-0.196528
-0.021428
-0.070328
-0.030928
-0.013028
0.034972
0.006572
0.124672
0.063772
0.189072
0.295472
0.314172
0.421672
0.499372
0.528772
0.461272
0.325672
0.218872
0.053472
0.006672
0.008272
-0.000428
0.030272
0.041472
0.082072
0.091772
0.150072
0.161372
0.164472
0.225472
0.149072
0.035272
0.029272
0.000572
-0.108528
-0.234528
-0.181328
-0.200228
-0.213028
-0.282828
-0.357228
-0.226328
-0.030628
0.084372
0.104072
0.037772
-0.029328
-0.031028
0.064172
0.229872
0.142172
-0.034228
0.042972
0.178772
0.090772
0.071872
0.049472
0.007072
0.140872
0.285472
0.245772
0.158072
-0.057128
-0.094928
-0.054728
0.042872
0.189972
0.327272
0.140172
0.197672
0.040072
-0.125028
-0.142628
-0.071828
0.016172
-0.092028
-0.071528
-0.099428
-0.050728
-0.150128
-0.179328
-0.100228
-0.110828
-0.053628
0.024772
0.015672
-0.062328
-0.091228
-0.110028
-0.109928
-0.149028
-0.157728
-0.186228
-0.156928
-0.157628
-0.196928
-0.177628
-0.119028
-0.069828
-0.050328
-0.050128
-0.029928
-0.042828
-0.062728
-0.088528
-0.182228
-0.185728
-0.217728
-0.089628
0.143072
0.141772
0.069172
-0.060528
-0.182228
-0.191328
-0.081128
-0.121128
-0.027028
0.020572
-0.084228
0.123072
0.226672
0.202072
0.046072
-0.058728
0.021172
0.148972
0.081972
0.124472
-0.003628
0.060572
0.225472
0.590772
-0.080028
0.156872
-0.266728
-0.297028
-0.304328
-0.087228
-0.029928
-0.051928
0.075972
0.146372
0.214472
0.300672
0.241972
0.225272
0.168672
0.079572
0.147372
0.118672
0.148972
0.226672
0.273372
0.252172
0.242872
0.165572
0.067072
0.066372
0.026572
0.036072
0.075372
0.065372
0.103272
-0.054328
-0.082528
-0.109728
-0.099928
-0.151728
-0.056028
-0.072528
-0.164528
-0.141428
-0.145228
-0.236628
-0.332628
-0.220028
-0.150428
-0.132728
-0.093428
0.113472
-0.348228
-0.289428
-0.208828
-0.304428
-0.317028
-0.242428
0.089672
-0.076128
-0.096328
-0.067828
-0.204728
-0.104128
-0.288028
0.083672
-0.076428
-0.155428
-0.016528
-0.124128
-0.320228
-0.210928
-0.111528
-0.171828
-0.222528
-0.172128
-0.140528
0.016072
0.131872
0.229872
0.260672
0.270972
0.278872
0.248872
0.298472
0.270172
0.163072
0.144672
0.097172
0.059172
0.040072
0.049872
0.079272
0.039172
0.077572
-0.010828
0.086572
0.116272
0.147872
0.117572
-0.254828
-0.230228
-0.091228
0.051772
0.087172
0.178172
0.210272
-0.056228
-0.099028
-0.217328
-0.124428
-0.140228
0.083972
-0.085728
0.318572
0.231672
-0.101128
0.178572
-0.007228
-0.013328
0.116972
0.360072
0.367372
0.385872
0.112372
0.008572
0.127172
0.204872
-0.069928
-0.054528
-0.011928
0.043472
-0.097928
-0.038428
0.130072
0.090772
0.118972
-0.008728
0.148472
-0.037128
0.010172
0.017172
0.016872
-0.000028
-0.008628
-0.040228
-0.023728
-0.063428
-0.013028
0.016472
-0.035028
-0.065028
-0.172328
-0.220728
-0.251728
-0.253428
-0.212928
-0.104028
-0.056828
0.047372
-0.041928
-0.030728
-0.118728
-0.072728
-0.016228
-0.025228
0.064872
-0.033428
-0.035328
-0.075928
-0.077228
-0.068528
0.017972
0.017372
-0.108328
-0.076728
-0.077228
-0.149528
-0.170428
-0.147828
-0.145928
-0.176628
-0.187828
-0.099328
-0.177828
-0.178428
-0.247428
-0.207928
-0.188428
-0.121828
-0.093628
-0.083928
-0.082828
-0.081628
-0.081328
-0.023928
0.052172
0.118772
0.144972
0.209772
0.246072
0.206472
0.118872
0.089972
0.108672
0.097472
0.135272
0.152372
0.139872
0.099672
0.000872
0.003772
-0.050928
0.115972
-0.013328
0.017172
0.001072
0.036272
0.241572
-0.103428
-0.131728
-0.081928
0.012872
0.013372
-0.049128
-0.125128
-0.046228
-0.003428
0.012872
-0.039628
-0.045228
-0.024628
-0.075428
-0.088328
-0.014828
0.029872
-0.025828
-0.032028
-0.059528
-0.049228
-0.030528
-0.022928
0.003572
-0.014728
-0.051128
-0.059028
0.010572
0.010172
-0.040228
-0.081628
-0.073428
-0.013928
0.035872
0.026072
-0.013828
-0.034428
-0.034328
-0.062528
-0.090128
-0.028428
-0.005428
-0.050328
-0.036028
-0.050928
-0.027628
-0.026828
-0.008528
-0.020428
-0.021928
-0.060828
-0.030328
-0.058328
-0.028128
0.029772
0.017372
0.026772
-0.020128
0.004372
-0.157428
-0.170628
0.016072
0.152672
0.043972
0.009072
-0.049228
-0.024528
-0.178228
0.209972
0.226572
-0.024128
-0.069128
-0.080328
-0.021328
-0.011528
-0.021128
-0.057628
-0.020828
0.009372
-0.019428
-0.019228
-0.019228
0.010472
-0.018828
-0.028328
-0.018628
-0.018828
-0.008628
-0.018228
-0.018328
-0.017128
-0.016328
-0.015528
-0.014728
-0.013828
-0.013228
-0.012428
-0.011628
-0.010928
-0.010228
-0.009528
-0.009028
-0.008328
-0.007728
-0.007128
-0.006428
-0.005928
-0.005228
-0.004628
-0.004128
-0.003528
-0.003028
0.016872
-0.002228
-0.001728
-0.001128


========

0.716976
0.054077
0.063377
0.053677
0.053777
0.045577
0.055077
0.062977
0.061277
0.052077
0.052477
0.045277
0.062777
0.053277
0.061077
0.041877
0.053577
0.035677
0.062877
0.061177
0.059777
0.051077
0.044277
0.064477
0.047077
0.064177
0.064677
0.054877
0.061977
0.053677
0.053677
0.046577
0.063677
0.061777
0.052577
0.045377
0.062877
0.053577
0.061377
0.052277
0.062077
0.052577
0.052777
0.052977
0.053277
0.043777
0.053677
0.063577
0.053977
0.063677
0.044477
0.064077
0.055877
0.055277
0.048277
0.063977
0.054177
0.061577
0.059877
0.058577
0.050277
0.051177
0.059377
0.049877
0.059677
0.059777
0.059877
0.060077
0.060277
0.060377
0.060577
0.060777
0.051277
0.061077
0.061277
0.051677
0.051877
0.061777
0.052177
0.062077
0.062177
0.052677
0.062377
0.052777
0.052977
0.043377
0.053377
0.063177
0.053677
0.063577
0.053977
0.063777
0.063877
0.044577
0.054277
0.044777
0.064477
0.054877
0.055077
0.065077
0.065277
0.065477
0.055877
0.065577
0.055977
0.065977
0.065877
0.056277
0.046877
0.066377
0.047177
0.057077
0.057077
0.047777
0.057577
0.057677
0.059977
0.057077
0.056177
0.055677
0.055577
0.062577
0.053377
0.061077
0.052177
0.044877
0.054577
0.064477
0.064577
0.045077
0.066477
0.061577
0.028777
0.070177
0.061877
0.064177
0.074577
0.075877
0.067577
0.068077
0.078877
0.069577
0.060377
0.051677
0.072077
0.082777
0.073777
0.054577
0.064677
0.065177
0.055877
0.079277
0.070677
0.071877
0.063177
0.073977
0.054977
0.065677
0.066277
0.057077
0.057777
0.068277
0.068777
0.069277
0.070277
0.061177
0.081777
0.063077
0.073777
0.064677
0.062677
0.073177
0.073977
0.084877
0.007877
0.067877
0.049177
0.107677
0.050577
0.108077
-0.007323
0.112177
0.071277
0.063377
0.112877
0.053677
0.095377
0.077877
0.078677
0.069577
0.075877
0.057577
0.068477
0.070277
0.081777
0.083077
0.064377
0.084577
0.085077
0.075577
0.056477
0.037477
0.077277
0.068377
0.098077
0.098077
0.068977
0.089177
0.069877
0.058977
0.049777
0.069677
0.067177
0.067977
0.074077
0.075477
0.066977
0.067977
0.082477
0.084277
0.087077
0.050777
0.063177
0.036077
0.071477
0.053977
0.054177
0.066177
0.029677
0.031877
0.062877
0.073777
0.074677
0.095277
0.076677
0.116677
0.107177
0.077677
0.097377
0.097777
0.108577
0.119077
0.139077
0.138877
0.138777
0.128877
0.139077
0.139577
0.139177
0.158477
0.148477
0.187477
0.197077
0.206677
0.265377
0.323877
0.303777
0.411076
0.469076
0.458477
0.496576
0.505176
0.494177
0.512477
0.530777
0.588476
0.635876
0.624476
0.652076
0.670177
0.639377
0.647877
0.597377
0.566477
0.564876
0.553577
0.522676
0.511577
0.490977
0.450577
0.468976
0.457976
0.476577
0.406976
0.376776
0.483876
0.365377
0.423377
0.383177
0.470277
0.409977
0.398876
0.377977
0.367276
0.346877
0.336376
0.374977
0.354777
0.373576
0.343076
0.361576
0.370277
0.398677
0.323276
0.376877
0.348877
0.357677
0.383877
0.339777
0.412077
0.395077
0.396776
0.437176
0.388876
0.379476
0.379476
0.349876
0.398677
0.359077
0.378276
0.387376
0.396277
0.404976
0.403677
0.402676
0.372277
0.322277
0.370477
0.369577
0.388077
0.357677
0.356676
0.355677
0.364677
0.393176
0.372577
0.332177
0.331176
0.330276
0.358676
0.285577
0.313877
0.339877
0.344876
0.338777
0.361077
0.353076
0.364076
0.354977
0.355377
0.374977
0.335777
0.404276
0.345176
0.384077
0.363777
0.323777
0.352376
0.331777
0.370176
0.418577
0.358876
0.426477
0.425676
0.444377
0.453276
0.452477
0.383076
0.284177
0.342176
0.429576
0.360177
0.378776
0.279777
0.308277
0.621077
0.237977
0.286077
0.422677
0.393077
0.255777
0.196577
0.196277
0.196177
0.245077
0.019877
0.167377
0.304677
0.107977
0.206077
0.284777
0.157777
0.197077
0.226777
0.128977
0.011777
0.306477
0.464776
0.249577
0.328077
0.377176
0.210777
0.250177
0.260277
0.260477
0.201877
0.104377
0.016577
-0.042223
0.144077
0.007477
-0.227223
-0.197723
-0.334723
-0.432323
-0.532023
-0.317523
-0.179923
-0.797323
-0.709423
-0.483723
-0.316723
-0.346323
-0.336323
-0.189123
0.006577
-0.367423
-0.034323
-0.113023
-0.132823
-0.024923
0.230477
0.437377
0.369377
0.290777
0.270577
0.015577
-0.003123
0.096177
0.029077
0.028577
0.057577
-0.010223
-0.068323
-0.166423
-0.224823
-0.342023
-0.400723
-0.488723
-0.468723
-0.468423
-0.369223
-0.280023
-0.093023
-0.101823
-0.110723
-0.276523
-0.353623
-0.577123
-0.360023
-0.252723
0.050377
-0.030023
-0.218423
-0.179523
-0.277023
-0.226123
-0.265223
-0.118923
-0.010723
0.165777
0.175277
0.322977
0.343776
0.373277
0.294477
0.598677
0.677876
0.031877
0.631276
0.867676
0.524677
0.367777
0.574277
0.662677
0.525077
0.280377
0.821176
0.205477
0.227077
0.021077
0.051577
-0.074923
-0.025423
0.102677
0.074677
-0.611323
-0.364923
-0.453023
-0.540223
-0.579123
-0.764423
-0.900723
-0.800823
-1.122923
-0.612323
-0.592923
-0.562423
-0.679323
-0.600423
-0.541323
-0.266423
-0.138023
0.224577
0.282376
0.124877
0.104477
0.408076
0.447576
0.329576
0.378477
0.496376
0.780576
0.456576
0.631377
0.861076
0.617077
0.683776
0.511977
0.633476
0.680577
0.793676
0.645876
0.560277
0.532077
0.422076
0.409876
0.380477
0.293977
0.245477
0.254176
0.331277
0.311976
0.450877
0.470977
0.460977
0.489877
0.264677
0.148077
0.050077
0.039377
-0.029623
0.038777
0.105977
0.281377
0.261477
0.202677
0.172377
0.249577
0.297877
0.288377
0.122277
-0.044223
-0.456923
0.032277
-0.283223
-0.590923
-0.132023
0.015177
0.222077
0.104377
0.073877
-0.387523
-0.505323
-0.093423
0.210177
0.082477
0.141977
0.555076
0.878076
0.807377
-0.576123
0.248677
0.259977
0.084077
0.132177
0.407577
0.466076
0.485577
0.339377
0.389576
0.438576
0.173877
-0.108323
0.084077
-0.297923
-0.121523
0.260977
0.241177
0.436576
0.122177
0.769976
0.329877
0.183077
0.329376
0.181877
0.084177
0.035377
-0.102623
-0.152123
-0.093123
-0.190923
-0.200423
-0.269523
-0.378123
-0.368723
-0.310323
-0.290823
-0.104423
-0.064723
0.042377
0.138777
0.118877
0.167977
0.079877
0.051077
0.042777
0.190277
-0.281923
0.246276
0.177877
0.140277
-0.016123
-0.075723
-0.124723
-0.270423
0.015377
-0.112523
-0.103723
-0.094223
-0.035223
0.013477
-0.017223
0.158077
0.158177
0.355477
0.268677
0.357377
0.582177
0.111277
0.160077
0.110077
-0.009523
0.007677
0.025577
0.347977
0.258177
0.177177
0.213577
-0.053323
-0.369323
-0.431723
-0.364023
-0.403823
-0.492323
-0.365423
-0.474123
-0.455423
-0.593123
-0.533623
-0.464623
-0.317723
-0.357223
-0.425823
-0.445623
-0.524523
-0.505423
-0.368423
-0.250823
-0.133423
0.003777
0.003777
0.003677
0.081777
0.150177
0.228777
0.327276
0.356176
0.335577
0.276377
0.256677
0.245777
0.225176
0.087677
0.019977
-0.107423
-0.246123
-0.177423
-0.215123
-0.312423
-0.274223
-0.177423
-0.059623
-0.293723
-0.440123
-0.499424
-0.784023
-0.822023
-0.742223
-0.790723
-0.918423
-0.692923
-0.623623
-0.721023
-1.063323
-1.268823
-0.308823
-0.289623
-0.161023
-0.385223
-0.550424
-0.568423
-0.312523
-0.556423
-0.162723
-0.023723
0.369677
0.635176
0.920776
1.138277
1.247577
1.415477
0.837877
0.789777
0.672476
0.505976
0.535077
0.260477
0.653176
0.624476
0.604676
0.623676
0.594477
0.624376
0.673276
0.643176
0.672176
0.573877
0.485276
0.367476
0.279077
0.151077
0.062377
-0.035623
-0.084623
-0.104323
-0.104223
-0.084723
-0.232223
-0.124723
-0.291923
-0.233423
-0.340323
-0.473723
-0.383323
-0.159623
-0.348723
0.005277
0.361277
-0.196723
-0.374723
-0.394723
-0.147123
-0.262123
0.032377
0.629376
0.718277
0.848476
0.408677
0.340977
-0.128323
-0.331323
0.484576
0.583176
0.495277
0.752077
0.186177
-0.016923
0.073077
0.271277
0.411177
0.335577
0.199877
-0.093023
0.203077
0.607777
0.588876
0.549376
0.373077
0.550777
0.237977
0.385377
0.188577
0.071277
0.052577
-0.074823
-0.242723
-0.331323
-0.330723
-0.350123
-0.556623
-0.605923
-0.684023
-0.712623
-0.623723
-0.623823
-0.496523
-0.388323
-0.387823
-0.417023
-0.328623
-0.367923
-0.328523
-0.229923
-0.102123
0.171877
0.298477
0.063177
0.240277
0.338376
0.443976
0.489477
0.526976
0.615977
0.410576
0.467777
0.425577
0.463277
0.560377
0.431076
0.183877
0.417776
0.209077
0.146277
0.191477
0.405477
0.041477
0.558276
0.810076
0.494177
0.414577
0.461776
0.107277
-0.137023
-0.115523
-0.261123
0.061977
0.022077
0.502876
-0.173123
0.042677
-0.007323
0.002877
0.081477
-0.027123
-0.116223
-0.302723
-0.479023
-0.616723
-0.784023
-0.833223
-0.803123
-0.861623
-0.950023
-0.920623
-0.940323
-0.881923
-0.931623
-0.971023
-0.931723
-0.823223
-1.097323
-0.685123
-0.793223
-0.783323
-1.185523
-1.293123
-0.881923
-1.920723
-1.204723
-1.450924
-1.097823
-1.105523
-0.986023
-0.780723
-0.889923
-0.938023
-0.435323
-0.532423
-0.415823
-0.504523
-0.541623
-0.560723
1.065176
0.368077
-0.285823
0.168677
-0.486823
-0.173323
-0.409023
-0.151123
-0.510623
-0.116223
-0.007223
-0.281223
-0.407523
-0.356223
-0.265923
-0.556823
-0.438723
0.113277
-0.011323
-0.128723
-0.089623
-0.392523
-0.371823
-0.860923
-0.350023
-0.516923
-0.437823
-0.701123
-0.710723
-0.603623
-0.770623
-0.681623
-0.670723
-0.670323
-0.690123
-0.591923
-0.561523
-0.384523
-0.247523
0.008077
0.097377
0.147477
0.118177
0.088677
0.059977
0.012277
0.081377
0.139677
0.080777
-0.055323
-0.123023
-0.231223
-0.241323
-0.211523
-0.014523
0.035577
-0.042023
-0.208123
-0.178023
-0.324923
-0.521223
-0.766923
-0.442723
-0.509923
-0.685623
-0.695623
-0.725323
-0.743923
-0.821223
-0.742523
-0.634123
-0.809223
-1.043323
-0.895923
-0.719023
-0.669023
-0.775823
-0.892723
-1.059123
-0.990223
-1.048523
-1.047423
-1.163923
-1.250923
-1.474623
-1.649023
-1.853023
-1.999023
-2.126123
-2.253223
-2.330723
-2.192023
-2.328023
-2.198824
-2.265623
-2.195923
-2.155723
-2.024823
-2.038823
-2.198723
-1.975223
-1.762223
-1.625323
-1.093823
0.106277
0.392276
0.301777
-0.072823
-0.015123
0.132177
0.134377
0.088977
0.005077
0.066477
0.074877
0.103077
0.073377
0.073877
0.065677
0.067577
0.099277
0.052377
0.042377
0.100777
0.120477
0.100677
0.052777
0.063977
0.104677
0.105177
0.066377
0.076777
0.087277
0.107977
0.090077
0.081877
0.112577
0.093377
0.093877
0.084177
0.104877
0.057377
0.068477
0.049977
0.089977
0.080877
0.120477
0.052177
0.111077
0.081577
0.130477
0.121377
0.123477
0.086377
0.078477
0.098077
0.088977
0.138577
0.129577
0.081877
0.102777
0.172077
0.014877
0.130777
0.226377
0.674676
0.179377
0.134777
-0.310823
0.147477
0.240777
0.189577
0.104977
0.064377
-0.058823
0.067777
0.145177
0.126577
0.097077
0.068477
0.146877
0.146177
0.128077
0.108877
0.118677
0.147977
0.128277
0.137977
0.118477
0.118277
0.118277
0.128177
0.137777
0.118077
0.118177
0.117277
0.126177
0.144777
0.124277
0.113677
0.132477
0.131477
0.111277
0.120277
0.119477
0.138077
0.117777
0.126777
0.135777
0.115477
0.114877
0.104477
0.123377
0.103277
0.122377
0.111877
0.111277
0.120577
0.100577
0.119577
0.118977
