-0.000000 -0.000000
-0.000017 -0.000048
-0.000033 -0.000097
-0.000046 -0.000137
-0.000055 -0.000172
-0.000062 -0.000199
-0.000065 -0.000227
-0.000071 -0.000257
-0.000077 -0.000295
-0.000084 -0.000332
-0.000094 -0.000366
-0.000094 -0.000394
-0.000081 -0.000413
-0.000074 -0.000425
-0.000073 -0.000428
-0.000077 -0.000414
-0.000086 -0.000391
-0.000097 -0.000363
-0.000104 -0.000350
-0.000103 -0.000341
-0.000107 -0.000332
-0.000145 -0.000360
-0.000159 -0.000342
-0.000162 -0.000310
-0.000170 -0.000273
-0.000184 -0.000232
-0.000199 -0.000193
-0.000210 -0.000139
-0.000228 -0.000080
-0.000244 -0.000033
-0.000249 -0.000014
-0.000256 0.000002
-0.000239 0.000018
-0.000238 0.000059
-0.000261 0.000002
-0.000264 0.000001
-0.000266 0.000038
-0.000280 0.000128
-0.000279 0.000291
-0.000254 0.000572
-0.000208 0.001019
-0.000157 0.001656
-0.000105 0.002491
-0.000052 0.003581
0.000019 0.004916
0.000109 0.006527
0.000260 0.008492
0.000521 0.010885
0.000947 0.013713
0.001474 0.017011
0.002008 0.020776
0.002406 0.025022
0.002541 0.029759
0.002390 0.034963
0.002016 0.040569
0.001603 0.046501
0.001260 0.052799
0.001081 0.059460
0.001009 0.066489
0.000985 0.073832
0.000918 0.081383
0.000647 0.089172
0.000138 0.097239
-0.000545 0.105468
-0.001323 0.113691
-0.002124 0.122185
-0.002851 0.130798
-0.003594 0.139606
-0.004321 0.148551
-0.005111 0.157721
-0.005963 0.166924
-0.006855 0.176089
-0.007812 0.185323
-0.008745 0.194657
-0.009578 0.203986
-0.010416 0.213334
-0.011324 0.222643
-0.012336 0.231695
-0.013520 0.240766
-0.014603 0.250022
-0.015552 0.259255
-0.016419 0.268477
-0.017210 0.277679
-0.017949 0.286757
-0.018747 0.295831
-0.019542 0.304903
-0.020413 0.313984
-0.021326 0.323164
-0.022322 0.332225
-0.023283 0.341158
-0.024156 0.350104
-0.024842 0.359116
-0.025468 0.368132
-0.026117 0.376988
-0.026888 0.385415
-0.028005 0.393746
-0.029401 0.401879
-0.031058 0.410292
-0.032667 0.418502
-0.034074 0.426599
-0.035343 0.434819
-0.036607 0.443165
-0.038068 0.451602
-0.039759 0.459940
-0.041666 0.468180
-0.043811 0.476493
-0.046256 0.484806
-0.049083 0.493094
-0.051899 0.501114
-0.054595 0.509082
-0.057095 0.517035
-0.059469 0.525064
-0.061706 0.532658
-0.064083 0.539773
-0.066514 0.546437
-0.068917 0.552703
-0.071281 0.558518
-0.073662 0.563618
-0.076111 0.568226
-0.078548 0.572462
-0.080998 0.576423
-0.083467 0.580134
-0.085856 0.583081
-0.088138 0.585569
-0.090272 0.587871
-0.092216 0.590004
-0.093959 0.591968
-0.095574 0.593591
-0.097235 0.594631
-0.098946 0.595447
-0.100700 0.596141
-0.102336 0.596716
-0.103804 0.597173
-0.105175 0.597265
-0.106520 0.597029
-0.107761 0.596719
-0.108951 0.596263
-0.110076 0.595549
-0.110956 0.594620
-0.111743 0.593133
-0.112653 0.591086
-0.113492 0.588816
-0.114123 0.586326
-0.114753 0.583363
-0.115365 0.579774
-0.115980 0.575436
-0.116517 0.570076
-0.116866 0.563848
-0.116892 0.556886
-0.116731 0.549246
-0.116618 0.540817
-0.116571 0.531609
-0.116499 0.521727
-0.116403 0.511191
-0.116321 0.500096
-0.116245 0.488501
-0.116163 0.476372
-0.116008 0.463723
-0.115779 0.450566
-0.115479 0.436903
-0.115206 0.422744
-0.114986 0.408111
-0.114780 0.392998
-0.114578 0.377448
-0.114312 0.361511
-0.113942 0.345228
-0.113525 0.328775
-0.113122 0.312228
-0.112750 0.295625
-0.112387 0.278987
-0.112021 0.262331
-0.111641 0.245661
-0.111267 0.228989
-0.110905 0.212316
-0.110534 0.195635
-0.110154 0.178935
-0.109770 0.162201
-0.109386 0.145429
-0.108991 0.128616
-0.108593 0.111761
-0.108195 0.094865
-0.107788 0.077936
-0.107382 0.060979
-0.106978 0.043997
-0.106568 0.026994
-0.106156 0.009971
-0.105735 -0.007068
-0.105314 -0.024132
-0.104897 -0.041219
-0.104482 -0.058329
-0.104069 -0.075468
-0.103651 -0.092628
-0.103233 -0.109815
-0.102807 -0.127023
-0.102356 -0.144246
-0.101892 -0.161472
-0.101411 -0.178699
-0.100932 -0.195923
-0.100447 -0.213146
-0.099950 -0.230367
