0.000000 0.000000
0.000001 0.000001
0.000001 0.000003
0.000001 0.000004
0.000000 0.000005
-0.000001 0.000007
-0.000002 0.000008
-0.000004 0.000010
-0.000005 0.000012
-0.000005 0.000014
-0.000006 0.000017
-0.000007 0.000020
-0.000007 0.000023
-0.000007 0.000026
-0.000008 0.000028
-0.000010 0.000030
-0.000012 0.000031
-0.000013 0.000033
-0.000015 0.000034
-0.000017 0.000036
-0.000019 0.000038
-0.000021 0.000039
-0.000023 0.000041
-0.000026 0.000043
-0.000028 0.000045
-0.000030 0.000046
-0.000032 0.000048
-0.000038 0.000043
-0.000049 0.000004
-0.000067 -0.000067
-0.000093 -0.000161
-0.000124 -0.000268
-0.000158 -0.000379
-0.000191 -0.000486
-0.000225 -0.000590
-0.000256 -0.000683
-0.000284 -0.000766
-0.000310 -0.000838
-0.000332 -0.000888
-0.000348 -0.000915
-0.000358 -0.000922
-0.000364 -0.000910
-0.000365 -0.000879
-0.000358 -0.000835
-0.000349 -0.000778
-0.000337 -0.000712
-0.000323 -0.000644
-0.000310 -0.000575
-0.000294 -0.000502
-0.000279 -0.000428
-0.000265 -0.000354
-0.000252 -0.000280
-0.000239 -0.000207
-0.000227 -0.000134
-0.000214 -0.000061
-0.000200 0.000012
-0.000185 0.000085
-0.000170 0.000159
-0.000156 0.000233
-0.000141 0.000307
-0.000127 0.000381
-0.000114 0.000455
-0.000102 0.000530
-0.000089 0.000604
-0.000078 0.000678
-0.000067 0.000753
-0.000058 0.000827
-0.000048 0.000902
-0.000040 0.000976
-0.000033 0.001049
-0.000029 0.001121
-0.000026 0.001193
-0.000024 0.001265
-0.000022 0.001337
-0.000021 0.001409
-0.000019 0.001481
-0.000017 0.001554
-0.000013 0.001627
-0.000011 0.001701
-0.000007 0.001774
-0.000005 0.001847
-0.000002 0.001921
0.000001 0.001995
0.000004 0.002068
0.000007 0.002142
0.000008 0.002216
0.000009 0.002290
0.000009 0.002364
0.000010 0.002438
0.000009 0.002513
0.000009 0.002587
0.000006 0.002662
0.000005 0.002736
0.000002 0.002811
-0.000002 0.002886
-0.000007 0.002961
-0.000013 0.003036
-0.000018 0.003111
-0.000023 0.003187
-0.000030 0.003260
-0.000038 0.003334
-0.000047 0.003408
-0.000056 0.003482
-0.000067 0.003557
-0.000077 0.003631
-0.000087 0.003707
-0.000096 0.003782
-0.000106 0.003858
-0.000116 0.003935
-0.000126 0.004011
-0.000134 0.004087
-0.000143 0.004163
-0.000151 0.004239
-0.000158 0.004315
-0.000165 0.004392
-0.000172 0.004468
-0.000180 0.004545
-0.000187 0.004622
-0.000197 0.004699
-0.000208 0.004776
-0.000219 0.004854
-0.000232 0.004931
-0.000265 0.004943
-0.000313 0.004790
-0.000376 0.004355
-0.000447 0.003445
-0.000543 0.001798
-0.000705 -0.000778
-0.001033 -0.004305
-0.001566 -0.008546
-0.002371 -0.013173
-0.003385 -0.017920
-0.004631 -0.022644
-0.006047 -0.027334
-0.007652 -0.032000
-0.009425 -0.036731
-0.011383 -0.041612
-0.013505 -0.046754
-0.015821 -0.052274
-0.018339 -0.058259
-0.021051 -0.064680
-0.023917 -0.071487
-0.026874 -0.078570
-0.029869 -0.085849
-0.032722 -0.093143
-0.035434 -0.100379
-0.038057 -0.107543
-0.040611 -0.114660
-0.043195 -0.121800
-0.045820 -0.129032
-0.048522 -0.136415
-0.051237 -0.143778
-0.054046 -0.151228
-0.057000 -0.158980
-0.060079 -0.166965
-0.063014 -0.174030
-0.065766 -0.180399
-0.068390 -0.186025
-0.070891 -0.190915
-0.073266 -0.195041
-0.075469 -0.198464
-0.077529 -0.201261
-0.079392 -0.203547
-0.080995 -0.205278
-0.082395 -0.206595
-0.083587 -0.207561
-0.084580 -0.208133
-0.085421 -0.208330
-0.086131 -0.208060
-0.086776 -0.207409
-0.087380 -0.206349
-0.087947 -0.204894
-0.088505 -0.203268
-0.089054 -0.201615
-0.089598 -0.199934
-0.090139 -0.198230
-0.090679 -0.196509
-0.091221 -0.194763
-0.091757 -0.193002
-0.092291 -0.191220
-0.092821 -0.189421
-0.093345 -0.187605
-0.093865 -0.185772
-0.094381 -0.183925
-0.094895 -0.182064
-0.095401 -0.180189
-0.095903 -0.178303
-0.096404 -0.176405
-0.096902 -0.174498
-0.097401 -0.172580
-0.097898 -0.170653
-0.098397 -0.168719
-0.098895 -0.166777
-0.099393 -0.164828
-0.099890 -0.162871
-0.100385 -0.160908
-0.100879 -0.158939
-0.101373 -0.156963
-0.101864 -0.154981
-0.102353 -0.152993
-0.122765 -0.406098
