-0.000000 -0.000000
-0.000017 -0.000048
-0.000032 -0.000097
-0.000045 -0.000137
-0.000054 -0.000171
-0.000061 -0.000198
-0.000063 -0.000225
-0.000069 -0.000255
-0.000074 -0.000292
-0.000080 -0.000328
-0.000090 -0.000362
-0.000089 -0.000389
-0.000074 -0.000407
-0.000066 -0.000417
-0.000064 -0.000420
-0.000067 -0.000405
-0.000075 -0.000380
-0.000084 -0.000351
-0.000089 -0.000336
-0.000087 -0.000326
-0.000089 -0.000315
-0.000126 -0.000342
-0.000137 -0.000322
-0.000138 -0.000289
-0.000144 -0.000250
-0.000156 -0.000206
-0.000169 -0.000165
-0.000178 -0.000109
-0.000193 -0.000048
-0.000207 0.000001
-0.000209 0.000022
-0.000213 0.000041
-0.000194 0.000060
-0.000189 0.000103
-0.000210 0.000049
-0.000210 0.000051
-0.000208 0.000091
-0.000219 0.000183
-0.000215 0.000350
-0.000187 0.000633
-0.000137 0.001084
-0.000084 0.001724
-0.000028 0.002562
0.000028 0.003655
0.000102 0.004994
0.000195 0.006609
0.000347 0.008577
0.000609 0.010975
0.001033 0.013807
0.001558 0.017110
0.002091 0.020880
0.002491 0.025130
0.002635 0.029870
0.002497 0.035078
0.002137 0.040690
0.001739 0.046626
0.001408 0.052929
0.001237 0.059595
0.001167 0.066628
0.001143 0.073975
0.001077 0.081531
0.000812 0.089325
0.000317 0.097397
-0.000349 0.105632
-0.001109 0.113861
-0.001896 0.122361
-0.002615 0.130979
-0.003354 0.139793
-0.004074 0.148743
-0.004855 0.157918
-0.005699 0.167127
-0.006581 0.176298
-0.007523 0.185538
-0.008445 0.194878
-0.009270 0.204214
-0.010098 0.213568
-0.010997 0.222883
-0.011996 0.231942
-0.013170 0.241020
-0.014245 0.250282
-0.015191 0.259521
-0.016056 0.268748
-0.016845 0.277956
-0.017578 0.287042
-0.018368 0.296122
-0.019156 0.305201
-0.020017 0.314288
-0.020919 0.323476
-0.021908 0.332543
-0.022862 0.341484
-0.023732 0.350436
-0.024413 0.359455
-0.025036 0.368478
-0.025686 0.377340
-0.026448 0.385775
-0.027545 0.394115
-0.028910 0.402259
-0.030539 0.410684
-0.032138 0.418902
-0.033538 0.427006
-0.034802 0.435234
-0.036057 0.443589
-0.037505 0.452033
-0.039183 0.460380
-0.041068 0.468632
-0.043186 0.476959
-0.045593 0.485289
-0.048383 0.493594
-0.051169 0.501631
-0.053841 0.509612
-0.056327 0.517576
-0.058692 0.525615
-0.060919 0.533218
-0.063285 0.540343
-0.065707 0.547017
-0.068100 0.553292
-0.070453 0.559117
-0.072823 0.564228
-0.075260 0.568847
-0.077685 0.573093
-0.080118 0.577069
-0.082571 0.580795
-0.084946 0.583755
-0.087216 0.586255
-0.089340 0.588568
-0.091274 0.590711
-0.093009 0.592684
-0.094615 0.594316
-0.096266 0.595367
-0.097967 0.596193
-0.099711 0.596899
-0.101336 0.597484
-0.102793 0.597952
-0.104154 0.598054
-0.105487 0.597828
-0.106717 0.597529
-0.107896 0.597082
-0.109008 0.596378
-0.109875 0.595459
-0.110649 0.593982
-0.111545 0.591946
-0.112368 0.589686
-0.112982 0.587206
-0.113593 0.584254
-0.114190 0.580676
-0.114789 0.576349
-0.115309 0.571001
-0.115640 0.564783
-0.115646 0.557833
-0.115467 0.550206
-0.115337 0.541789
-0.115274 0.532593
-0.115186 0.522723
-0.115074 0.512199
-0.114978 0.501116
-0.114888 0.489533
-0.114792 0.477417
-0.114619 0.464781
-0.114371 0.451636
-0.114052 0.437986
-0.113766 0.423840
-0.113538 0.409219
-0.113328 0.394119
-0.113124 0.378582
-0.112848 0.362657
-0.112466 0.346388
-0.112037 0.329948
-0.111622 0.313414
-0.111236 0.296824
-0.110860 0.280201
-0.110480 0.263558
-0.110084 0.246901
-0.109696 0.230244
-0.109319 0.213584
-0.108933 0.196917
-0.108538 0.180231
-0.108140 0.163511
-0.107742 0.146753
-0.107332 0.129954
-0.106919 0.113114
-0.106505 0.096232
-0.106083 0.079317
-0.105662 0.062375
-0.105243 0.045407
-0.104818 0.028419
-0.104391 0.011411
-0.103955 -0.005613
-0.103519 -0.022663
-0.103088 -0.039735
-0.102659 -0.056830
-0.102233 -0.073954
-0.101801 -0.091099
-0.101372 -0.108270
-0.100935 -0.125463
-0.100472 -0.142670
-0.099995 -0.159881
-0.099501 -0.177092
-0.099010 -0.194301
-0.098513 -0.211508
-0.098001 -0.228713
nan nan
