-0.000000 -0.000000
-0.000014 -0.000037
-0.000028 -0.000075
-0.000048 -0.000113
-0.000077 -0.000151
-0.000107 -0.000190
-0.000136 -0.000226
-0.000166 -0.000263
-0.000197 -0.000297
-0.000233 -0.000329
-0.000274 -0.000361
-0.000316 -0.000392
-0.000357 -0.000424
-0.000398 -0.000458
-0.000436 -0.000492
-0.000474 -0.000525
-0.000515 -0.000555
-0.000556 -0.000584
-0.000600 -0.000615
-0.000645 -0.000648
-0.000690 -0.000681
-0.000734 -0.000712
-0.000778 -0.000739
-0.000821 -0.000767
-0.000866 -0.000798
-0.000913 -0.000831
-0.000957 -0.000869
-0.000999 -0.000911
-0.001046 -0.000955
-0.001095 -0.000999
-0.001142 -0.001035
-0.001195 -0.001063
-0.001250 -0.001082
-0.001298 -0.001102
-0.001339 -0.001124
-0.001372 -0.001151
-0.001418 -0.001178
-0.001461 -0.001199
-0.001508 -0.001207
-0.001572 -0.001191
-0.001606 -0.001172
-0.001670 -0.001049
-0.001753 -0.000983
-0.001726 -0.000969
-0.001726 -0.001060
-0.001775 -0.001172
-0.001831 -0.001296
-0.001902 -0.001380
-0.002003 -0.001420
-0.002156 -0.001451
-0.002241 -0.001486
-0.002265 -0.001497
-0.002258 -0.001502
-0.002254 -0.001522
-0.002250 -0.001539
-0.002254 -0.001553
-0.002285 -0.001528
-0.002314 -0.001416
-0.002349 -0.001225
-0.002398 -0.001031
-0.002453 -0.000796
-0.002499 -0.000471
-0.002556 -0.000037
-0.002700 0.000476
-0.002854 0.001051
-0.003011 0.001677
-0.003181 0.002364
-0.003395 0.003147
-0.003593 0.004111
-0.003777 0.005247
-0.003913 0.006626
-0.003982 0.008234
-0.004052 0.010075
-0.004200 0.012156
-0.004386 0.014490
-0.004603 0.017061
-0.004825 0.019873
-0.005096 0.022896
-0.005464 0.026115
-0.005953 0.029541
-0.006576 0.033194
-0.007290 0.037091
-0.008051 0.041233
-0.008844 0.045602
-0.009672 0.050188
-0.010561 0.055001
-0.011438 0.060049
-0.012322 0.065326
-0.013238 0.070811
-0.014224 0.076473
-0.015314 0.082282
-0.016525 0.088241
-0.017839 0.094333
-0.019178 0.100556
-0.020446 0.106904
-0.021583 0.113346
-0.022599 0.119867
-0.023551 0.126414
-0.024544 0.132963
-0.025622 0.139484
-0.026739 0.145913
-0.027926 0.152250
-0.029190 0.158481
-0.030516 0.164576
-0.031872 0.170520
-0.033187 0.176306
-0.034362 0.181860
-0.035501 0.187156
-0.036661 0.192187
-0.037847 0.196915
-0.039031 0.201376
-0.040205 0.205650
-0.041342 0.209775
-0.042462 0.213756
-0.043568 0.217599
-0.044629 0.221291
-0.045641 0.224828
-0.046633 0.228224
-0.047627 0.231493
-0.048621 0.234657
-0.049627 0.237735
-0.050610 0.240739
-0.051531 0.243675
-0.052370 0.246529
-0.053125 0.249318
-0.053822 0.252067
-0.054494 0.254782
-0.055192 0.257486
-0.055950 0.260225
-0.056747 0.262990
-0.057576 0.265752
-0.058416 0.268489
-0.059272 0.271179
-0.060125 0.273864
-0.060866 0.276564
-0.061497 0.279275
-0.062108 0.281987
-0.062775 0.284681
-0.063511 0.287356
-0.064286 0.290003
-0.065062 0.292639
-0.065820 0.295251
-0.066536 0.297854
-0.067154 0.300445
-0.067674 0.303039
-0.068084 0.305636
-0.068397 0.308236
-0.068681 0.310828
-0.068956 0.313421
-0.069224 0.316024
-0.069499 0.318634
-0.069758 0.321244
-0.069969 0.323843
-0.070097 0.326443
-0.070176 0.329044
-0.070277 0.331627
-0.070423 0.334181
-0.070587 0.336702
-0.070747 0.339177
-0.070862 0.341604
-0.070854 0.343951
-0.070681 0.346224
-0.070370 0.348397
-0.069909 0.350439
-0.069298 0.352329
-0.068501 0.354075
-0.067528 0.355679
-0.066402 0.357131
-0.065077 0.358419
-0.063449 0.359527
-0.061292 0.360451
-0.058508 0.361078
-0.055198 0.361343
-0.051574 0.361153
-0.047844 0.360559
-0.044153 0.359528
-0.040495 0.358112
-0.036832 0.356228
-0.033037 0.353888
-0.029168 0.351036
-0.025258 0.347741
-0.021390 0.343928
-0.017538 0.339669
-0.013804 0.334912
-0.010171 0.329721
-0.006776 0.324092
-0.003655 0.318227
-0.000841 0.312156
0.001804 0.305899
0.004257 0.299466
0.006676 0.292830
0.009037 0.285889
0.011442 0.278661
0.013769 0.271119
0.016094 0.263284
0.018198 0.255272
0.020068 0.247254
0.021626 0.239316
0.022960 0.231455
0.024068 0.223570
0.025110 0.215554
0.026081 0.207330
0.027052 0.198934
0.027893 0.190409
0.028607 0.181850
0.029079 0.173352
0.029341 0.164965
0.029345 0.156624
0.029119 0.148274
0.028583 0.139879
0.027789 0.131450
0.026677 0.123045
0.025314 0.114722
0.023682 0.106473
0.021873 0.098225
0.019885 0.089894
0.017776 0.081436
0.015482 0.072874
0.013010 0.064184
0.010314 0.055427
0.007484 0.046639
0.004489 0.037878
0.001385 0.029034
-0.001883 0.020186
-0.005233 0.011345
-0.008739 0.002560
-0.012359 -0.006180
-0.016094 -0.014856
-0.019864 -0.023518
-0.023706 -0.032231
-0.027588 -0.041021
-0.031551 -0.049828
-0.035594 -0.058585
-0.039743 -0.067187
-0.043936 -0.075680
-0.048168 -0.084142
-0.052407 -0.092594
-0.056689 -0.100975
-0.061007 -0.109287
-0.065402 -0.117495
-0.069827 -0.125719
-0.074298 -0.133969
-0.078782 -0.142208
-0.083293 -0.150336
-0.087804 -0.158318
-0.092356 -0.166188
-0.096951 -0.174077
-0.101626 -0.182029
-0.106360 -0.190025
-0.111165 -0.198005
-0.116001 -0.205969
-0.120875 -0.213902
-0.125755 -0.221784
-0.130658 -0.229621
-0.135572 -0.237479
-0.140543 -0.245404
-0.145568 -0.253436
-0.150683 -0.261530
-0.155874 -0.269656
-0.161146 -0.277745
-0.166462 -0.285747
-0.171834 -0.293588
-0.177254 -0.301379
-0.182735 -0.309184
-0.188273 -0.317014
-0.193884 -0.324808
-0.199533 -0.332541
-0.205245 -0.340201
-0.210992 -0.347830
-0.216791 -0.355443
-0.222652 -0.363066
-0.228602 -0.370695
-0.234630 -0.378343
-0.240749 -0.385951
-0.246932 -0.393483
-0.253168 -0.400932
-0.259445 -0.408296
-0.265783 -0.415591
-0.272166 -0.422850
-0.278600 -0.430091
-0.285099 -0.437342
-0.291667 -0.444667
-0.298302 -0.452019
-0.305022 -0.459333
-0.311816 -0.466621
-0.318695 -0.473874
-0.325653 -0.481098
-0.332704 -0.488285
-0.339854 -0.495441
-0.347097 -0.502574
-0.354421 -0.509657
-0.361812 -0.516684
-0.369261 -0.523718
-0.376783 -0.530767
-0.384372 -0.537825
-0.392023 -0.544855
-0.399734 -0.551834
-0.407500 -0.558757
-0.415301 -0.565665
-0.423150 -0.572589
-0.431037 -0.579547
-0.438958 -0.586523
-0.446909 -0.593511
-0.454913 -0.600481
-0.462962 -0.607412
-0.471065 -0.614304
-0.479242 -0.621209
-0.487505 -0.628114
-0.495838 -0.635003
-0.504259 -0.641830
-0.512742 -0.648599
-0.521297 -0.655295
-0.529937 -0.661937
-0.538705 -0.668593
-0.547620 -0.675252
-0.556688 -0.681893
-0.565922 -0.688478
-0.575322 -0.694965
-0.584885 -0.701329
-0.594591 -0.707590
-0.604442 -0.713794
-0.614435 -0.719972
-0.624549 -0.726116
-0.634780 -0.732228
-0.645115 -0.738327
-0.655549 -0.744464
-0.666053 -0.750622
-0.676585 -0.756789
-0.687118 -0.762959
-0.697623 -0.769132
-0.708121 -0.775299
-0.718575 -0.781476
-0.728998 -0.787635
-0.739376 -0.793794
-0.749732 -0.799954
-0.760068 -0.806111
-0.770368 -0.812234
-0.780671 -0.818369
-0.790964 -0.824531
-0.801254 -0.830674
-0.811531 -0.836820
-0.821805 -0.842972
-0.832070 -0.849129
-0.842320 -0.855291
-0.852554 -0.861446
-0.862775 -0.867589
-0.872978 -0.873716
-0.883154 -0.879845
-0.893307 -0.885998
-0.903432 -0.892174
-0.913538 -0.898357
-0.923626 -0.904531
-0.933700 -0.910685
-0.943756 -0.916816
-0.953800 -0.922941
-0.963834 -0.929073
-0.973842 -0.935231
-0.983828 -0.941400
-0.993793 -0.947583
-1.003744 -0.953758
-1.013682 -0.959922
-1.023609 -0.966083
-1.033529 -0.972244
-1.043438 -0.978413
-1.053328 -0.984586
-1.063198 -0.990756
-1.073047 -0.996935
-1.082880 -1.003116
-1.092700 -1.009296
-1.102503 -1.015483
-1.112294 -1.021672
-1.122069 -1.027861
-1.131819 -1.034051
-1.141544 -1.040240
-1.151244 -1.046430
-1.160922 -1.052630
-1.170586 -1.058839
-1.180239 -1.065057
-1.189887 -1.071274
-1.199531 -1.077487
-1.209164 -1.083707
-1.218785 -1.089934
-1.228385 -1.096161
-1.237967 -1.102388
-1.247526 -1.108613
-1.257066 -1.114835
-1.266587 -1.121054
-1.276092 -1.127280
-1.285585 -1.133509
-1.295063 -1.139739
-1.304529 -1.145964
-1.313978 -1.152194
-1.323409 -1.158430
-1.332825 -1.164670
-1.342230 -1.170909
-1.351621 -1.177146
-1.360996 -1.183385
-1.370355 -1.189626
-1.379698 -1.195873
-1.389025 -1.202118
-1.398338 -1.208367
-1.407634 -1.214615
-1.416915 -1.220862
-1.426188 -1.227113
-1.435447 -1.233367
-1.444693 -1.239620
-1.453925 -1.245874
-1.463141 -1.252133
-1.472342 -1.258390
-1.481528 -1.264644
-1.490701 -1.270901
-1.499861 -1.277162
-1.509006 -1.283424
-1.518131 -1.289686
-1.527243 -1.295953
-1.536341 -1.302217
-1.545430 -1.308486
-1.554506 -1.314762
-1.563569 -1.321038
-1.572620 -1.327307
-1.581658 -1.333575
-1.590681 -1.339843
-1.599685 -1.346115
-1.608671 -1.352395
-1.617646 -1.358675
-1.626606 -1.364949
-1.635557 -1.371223
-1.644498 -1.377496
-1.653428 -1.383776
-1.662341 -1.390063
-1.671242 -1.396355
-1.680133 -1.402649
-1.689007 -1.408932
-1.697865 -1.415218
-1.706713 -1.421515
-1.715550 -1.427817
-1.724376 -1.434120
-1.733191 -1.440417
-1.741993 -1.446716
-1.750780 -1.453009
-1.759553 -1.459300
-1.768315 -1.465595
-1.777063 -1.471897
-1.785795 -1.478200
-1.794512 -1.484504
-1.803217 -1.490805
-1.811910 -1.497106
-1.820593 -1.503410
-1.829267 -1.509716
-1.837932 -1.516029
-1.846582 -1.522354
-1.855211 -1.528679
-1.863822 -1.535001
-1.872421 -1.541318
-1.881009 -1.547630
-1.889587 -1.553944
-1.898153 -1.560267
-1.906708 -1.566601
-1.915255 -1.572945
-1.923790 -1.579282
-1.932312 -1.585613
-1.940820 -1.591940
-1.949311 -1.598269
-1.957788 -1.604609
-1.966249 -1.610952
-1.974697 -1.617289
-1.983134 -1.623627
-1.991560 -1.629970
-1.999973 -1.636315
-2.008375 -1.642663
-2.016766 -1.649009
-2.025145 -1.655349
-2.033510 -1.661696
-2.041860 -1.668047
-2.050192 -1.674410
-2.058509 -1.680777
-2.066812 -1.687142
-2.075104 -1.693503
-2.083385 -1.699869
-2.091655 -1.706238
-2.099913 -1.712610
-2.108159 -1.718985
-2.116392 -1.725359
-2.124608 -1.731737
-2.132808 -1.738113
-2.140991 -1.744490
-2.149161 -1.750865
-2.157320 -1.757242
-2.165467 -1.763623
-2.173603 -1.770003
-2.181728 -1.776394
-2.189838 -1.782784
-2.197930 -1.789176
-2.206006 -1.795570
-2.214067 -1.801959
-2.222115 -1.808345
-2.230153 -1.814733
-2.238178 -1.821125
