0.000000 -0.000000
0.000000 -0.000000
0.000010 -0.000016
-0.000006 -0.000062
-0.000039 -0.000112
-0.000087 -0.000173
-0.000138 -0.000261
-0.000133 -0.000341
-0.000094 -0.000429
-0.000071 -0.000548
-0.000145 -0.000682
-0.000336 -0.000795
-0.000563 -0.000898
-0.000777 -0.000998
-0.000971 -0.001113
-0.001110 -0.001227
-0.001237 -0.001354
-0.001425 -0.001490
-0.001696 -0.001632
-0.001971 -0.001775
-0.002196 -0.001901
-0.002376 -0.002024
-0.002509 -0.002158
-0.002606 -0.002296
-0.002724 -0.002439
-0.002899 -0.002596
-0.003080 -0.002755
-0.003233 -0.002905
-0.003355 -0.003050
-0.003444 -0.003206
-0.003499 -0.003355
-0.003557 -0.003501
-0.003654 -0.003665
-0.003803 -0.003852
-0.003921 -0.004014
-0.003982 -0.004160
-0.004011 -0.004319
-0.004023 -0.004492
-0.004054 -0.004653
-0.004133 -0.004817
-0.004243 -0.004995
-0.004321 -0.005165
-0.004343 -0.005328
-0.004336 -0.005500
-0.004328 -0.005669
-0.004333 -0.005833
-0.004380 -0.006011
-0.004461 -0.006197
-0.004516 -0.006358
-0.004519 -0.006515
-0.004497 -0.006696
-0.004469 -0.006890
-0.004458 -0.007076
-0.004482 -0.007249
-0.004540 -0.007442
-0.004561 -0.007613
-0.004552 -0.007797
-0.004535 -0.007990
-0.004512 -0.008179
-0.004493 -0.008365
-0.004493 -0.008558
-0.004484 -0.008761
-0.004446 -0.008946
-0.004401 -0.009130
-0.004348 -0.009322
-0.004311 -0.009516
-0.004279 -0.009699
-0.004240 -0.009893
-0.004193 -0.010100
-0.004127 -0.010292
-0.004052 -0.010481
-0.003988 -0.010677
-0.003945 -0.010870
-0.003907 -0.011060
-0.003874 -0.011255
-0.003842 -0.011456
-0.003806 -0.011648
-0.003776 -0.011838
-0.003746 -0.012030
-0.003696 -0.012219
-0.003628 -0.012420
-0.003593 -0.012635
-0.003557 -0.012843
-0.003506 -0.013027
-0.003466 -0.013214
-0.003426 -0.013413
-0.003363 -0.013603
-0.003286 -0.013803
-0.003241 -0.014019
-0.003236 -0.014234
-0.003199 -0.014425
-0.003134 -0.014613
-0.003068 -0.014816
-0.002984 -0.015031
-0.002903 -0.015240
-0.002852 -0.015442
-0.002826 -0.015647
-0.002793 -0.015842
-0.002752 -0.016024
-0.002714 -0.016199
-0.002682 -0.016375
-0.002651 -0.016550
-0.002617 -0.016718
-0.002587 -0.016887
-0.002564 -0.017053
-0.002552 -0.017198
-0.002553 -0.017353
-0.002561 -0.017521
-0.002579 -0.017694
-0.002607 -0.017890
-0.002654 -0.018095
-0.002693 -0.018306
-0.002758 -0.018502
-0.002842 -0.018693
-0.002938 -0.018893
-0.003056 -0.019110
-0.003186 -0.019334
-0.003342 -0.019568
-0.003534 -0.019802
-0.003765 -0.020046
-0.004038 -0.020298
-0.004329 -0.020569
-0.004641 -0.020861
-0.004959 -0.021168
-0.005292 -0.021494
-0.005636 -0.021838
-0.005991 -0.022213
-0.006359 -0.022621
-0.006754 -0.023041
-0.007166 -0.023491
-0.007596 -0.023966
-0.008032 -0.024467
-0.008443 -0.024976
-0.008853 -0.025492
-0.009256 -0.026033
-0.009628 -0.026602
-0.009985 -0.027180
-0.010310 -0.027736
-0.010599 -0.028338
-0.010842 -0.028975
-0.011063 -0.029594
-0.011251 -0.030196
-0.011388 -0.030809
-0.011497 -0.031462
-0.011558 -0.032101
-0.011594 -0.032744
-0.011577 -0.033374
-0.011511 -0.034005
-0.011403 -0.034645
-0.011243 -0.035264
-0.011012 -0.035868
-0.010715 -0.036421
-0.010363 -0.036991
-0.009970 -0.037577
-0.009545 -0.038126
-0.009105 -0.038663
-0.008606 -0.039157
-0.008059 -0.039647
-0.007488 -0.040155
-0.006876 -0.040648
-0.006224 -0.041108
-0.005531 -0.041565
-0.004774 -0.041998
-0.003947 -0.042401
-0.003072 -0.042803
-0.002187 -0.043212
-0.001295 -0.043615
-0.000398 -0.044019
0.000512 -0.044418
0.001441 -0.044807
0.002406 -0.045176
0.003392 -0.045553
0.004371 -0.045944
0.005327 -0.046363
0.006278 -0.046787
0.007254 -0.047196
0.008262 -0.047587
0.009309 -0.047968
0.010374 -0.048346
0.011433 -0.048738
0.012466 -0.049160
0.013479 -0.049605
0.014515 -0.050033
0.015577 -0.050439
0.016673 -0.050838
0.017804 -0.051226
0.018947 -0.051616
0.020073 -0.052016
0.021166 -0.052451
0.022265 -0.052894
0.023402 -0.053325
0.024564 -0.053737
0.025743 -0.054137
0.026947 -0.054534
0.028146 -0.054948
0.029318 -0.055383
0.030463 -0.055841
0.031637 -0.056287
0.032861 -0.056723
0.034098 -0.057145
0.035336 -0.057555
0.036598 -0.057966
0.037858 -0.058394
0.039082 -0.058851
0.040312 -0.059317
0.041586 -0.059759
0.042885 -0.060190
0.044159 -0.060637
0.045447 -0.061089
0.046754 -0.061543
0.048049 -0.062001
0.049358 -0.062453
0.050689 -0.062899
0.052025 -0.063357
0.053347 -0.063838
0.054664 -0.064316
0.055998 -0.064796
0.057352 -0.065269
0.058734 -0.065737
0.060123 -0.066210
0.061510 -0.066694
0.062907 -0.067168
0.064336 -0.067635
0.065738 -0.068119
0.067134 -0.068629
0.068571 -0.069123
0.070029 -0.069595
0.071481 -0.070076
0.072950 -0.070553
0.074412 -0.071048
0.075847 -0.071574
0.077277 -0.072117
0.078740 -0.072639
0.080217 -0.073143
0.081696 -0.073643
0.083200 -0.074151
0.084705 -0.074672
0.086203 -0.075197
0.087724 -0.075714
0.089265 -0.076226
0.090792 -0.076746
0.092297 -0.077288
0.093819 -0.077825
0.095380 -0.078354
0.096939 -0.078884
0.098480 -0.079422
0.100015 -0.079981
0.101563 -0.080543
0.103124 -0.081091
0.104688 -0.081624
0.106258 -0.082160
0.107837 -0.082702
0.109420 -0.083243
0.111006 -0.083779
0.112596 -0.084306
0.114179 -0.084823
0.115762 -0.085336
0.117350 -0.085841
0.118943 -0.086333
0.120534 -0.086823
0.122124 -0.087303
0.123712 -0.087769
0.125315 -0.088234
0.126907 -0.088699
0.128499 -0.089158
0.130080 -0.089623
0.131654 -0.090092
0.133210 -0.090568
0.134726 -0.091046
0.136220 -0.091523
0.137722 -0.091999
0.139216 -0.092497
0.140710 -0.092984
0.142210 -0.093481
0.143745 -0.093978
0.145307 -0.094482
0.146875 -0.094959
0.148440 -0.095436
0.150017 -0.095915
0.151607 -0.096401
0.153179 -0.096868
0.154748 -0.097334
0.156346 -0.097783
0.157975 -0.098251
0.159613 -0.098731
0.161256 -0.099214
0.162899 -0.099681
0.164573 -0.100112
0.166272 -0.100538
0.167995 -0.100985
0.169748 -0.101407
0.171499 -0.101808
0.173288 -0.102186
0.175093 -0.102573
0.176922 -0.102943
0.178762 -0.103306
0.180626 -0.103626
0.182523 -0.103944
0.184437 -0.104274
0.186359 -0.104587
0.188274 -0.104868
0.190226 -0.105109
0.192216 -0.105357
0.194250 -0.105631
0.196308 -0.105862
0.198352 -0.106051
0.200444 -0.106208
0.202578 -0.106369
0.204724 -0.106496
0.206874 -0.106598
0.209049 -0.106640
0.211259 -0.106665
0.213507 -0.106672
0.215777 -0.106644
0.218055 -0.106573
0.220352 -0.106457
0.222690 -0.106331
0.225062 -0.106192
0.227416 -0.106009
0.229805 -0.105802
0.232237 -0.105525
0.234718 -0.105221
0.237239 -0.104874
0.239768 -0.104490
0.242309 -0.104079
0.244867 -0.103605
0.247460 -0.103091
0.250076 -0.102567
0.252697 -0.102003
0.255322 -0.101428
0.257972 -0.100833
0.260654 -0.100152
0.263422 -0.099385
0.266242 -0.098545
0.269085 -0.097630
0.271966 -0.096664
0.274863 -0.095630
0.277789 -0.094547
0.280742 -0.093404
0.283724 -0.092234
0.286712 -0.091085
0.289706 -0.089968
0.292714 -0.088850
0.295732 -0.087705
0.298778 -0.086540
0.301834 -0.085367
0.304909 -0.084191
0.308004 -0.083009
0.311110 -0.081837
0.314233 -0.080661
0.317363 -0.079476
0.320518 -0.078269
0.323683 -0.077061
0.326875 -0.075824
0.330084 -0.074550
0.333313 -0.073295
0.336543 -0.072110
0.339776 -0.070966
0.343017 -0.069791
0.346293 -0.068574
0.349588 -0.067322
0.352897 -0.066026
0.356231 -0.064755
0.359564 -0.063548
0.362903 -0.062399
0.366245 -0.061203
0.369629 -0.059945
0.373027 -0.058661
0.376444 -0.057351
0.379873 -0.056078
0.383320 -0.054845
0.386772 -0.053611
0.390245 -0.052351
0.393734 -0.051073
0.397242 -0.049790
0.400759 -0.048493
0.404284 -0.047221
0.407831 -0.045974
0.411389 -0.044718
0.414964 -0.043438
0.418561 -0.042144
0.422174 -0.040835
0.425796 -0.039523
0.429434 -0.038222
0.433094 -0.036914
0.436775 -0.035572
0.440476 -0.034206
0.444206 -0.032824
0.447957 -0.031423
0.451720 -0.030032
0.455494 -0.028660
0.459297 -0.027277
0.463123 -0.025860
0.466967 -0.024411
0.470837 -0.022974
0.474724 -0.021558
0.478626 -0.020193
0.482533 -0.018871
0.486431 -0.017595
0.490337 -0.016315
0.494249 -0.015038
0.498170 -0.013778
0.502100 -0.012530
0.506047 -0.011258
0.510020 -0.009965
0.514007 -0.008679
0.517996 -0.007431
0.521985 -0.006204
0.525991 -0.004948
0.530022 -0.003659
0.534067 -0.002362
0.538134 -0.001052
0.542214 0.000264
0.546314 0.001578
0.550412 0.002865
0.554508 0.004104
0.558612 0.005365
0.562742 0.006671
0.566897 0.007994
0.571066 0.009332
0.575255 0.010665
0.579449 0.011978
0.583639 0.013252
0.587835 0.014507
0.592049 0.015816
0.596296 0.017174
0.600551 0.018526
0.604827 0.019886
0.609121 0.021260
0.613424 0.022629
0.617723 0.023934
0.622011 0.025196
0.626315 0.026493
0.630644 0.027861
0.635000 0.029252
0.639377 0.030640
0.643767 0.032027
0.648158 0.033385
0.652549 0.034696
0.656933 0.035984
0.661343 0.037345
0.665774 0.038765
0.670221 0.040192
0.674686 0.041609
0.679163 0.043026
0.683637 0.044418
0.688109 0.045824
0.692586 0.047267
0.697053 0.048740
0.701532 0.050213
0.706021 0.051727
0.710521 0.053243
0.715030 0.054764
0.719555 0.056286
0.724076 0.057823
0.728603 0.059370
0.733062 0.060944
0.737458 0.062513
0.741838 0.064100
0.746254 0.065717
0.750705 0.067377
0.755166 0.069089
0.759597 0.070862
0.764009 0.072665
0.768418 0.074515
0.772821 0.076373
0.777215 0.078261
0.781618 0.080156
0.786013 0.082071
0.790410 0.083988
0.794787 0.085921
0.799179 0.087858
0.803571 0.089815
0.807968 0.091785
0.812390 0.093800
0.816809 0.095823
0.821218 0.097878
0.825618 0.099964
0.830028 0.102108
0.834440 0.104312
0.838860 0.106576
0.843293 0.108912
0.847721 0.111338
0.852146 0.113836
0.856575 0.116444
0.861022 0.119133
0.865469 0.121910
0.869929 0.124777
0.874397 0.127729
0.878867 0.130763
0.883351 0.133883
0.887856 0.137069
0.892371 0.140306
0.896903 0.143586
0.901454 0.146901
0.906016 0.150241
0.910592 0.153626
0.915192 0.157026
0.919816 0.160386
0.924458 0.163682
0.929103 0.166991
0.933757 0.170326
0.938430 0.173698
0.943123 0.177129
0.947822 0.180622
0.952558 0.184109
0.957313 0.187518
0.962081 0.190867
0.966854 0.194273
0.971639 0.197730
0.976444 0.201236
0.981264 0.204795
0.986100 0.208369
0.990973 0.211892
0.995856 0.215358
1.000745 0.218857
1.005655 0.222400
1.010580 0.225978
1.015523 0.229597
1.020478 0.233245
1.025463 0.236881
1.030469 0.240472
1.035489 0.244048
1.040523 0.247666
1.045570 0.251333
1.050641 0.255000
1.055723 0.258661
1.060828 0.262340
1.065957 0.266031
1.071106 0.269711
1.076272 0.273390
1.081451 0.277099
1.086646 0.280832
1.091862 0.284574
1.097084 0.288332
1.102330 0.292103
1.107604 0.295866
1.112892 0.299612
1.118193 0.303383
1.123519 0.307181
1.128856 0.310987
1.134212 0.314804
1.139583 0.318633
1.144978 0.322463
1.150390 0.326303
1.155837 0.330126
1.161289 0.333956
1.166755 0.337807
1.172245 0.341672
1.177750 0.345548
1.183268 0.349456
1.188806 0.353378
1.194367 0.357295
1.199953 0.361179
1.205553 0.365070
1.211160 0.368993
1.216792 0.372934
1.222438 0.376876
1.228093 0.380850
1.233775 0.384857
1.239481 0.388851
1.245222 0.392811
1.250957 0.396792
1.256703 0.400803
1.262472 0.404808
1.268251 0.408820
1.274057 0.412856
1.279894 0.416892
1.285751 0.420906
1.291612 0.424945
1.297473 0.429016
1.303358 0.433106
1.309258 0.437217
1.315182 0.441362
1.321138 0.445490
1.327119 0.449579
1.333115 0.453674
1.339108 0.457792
1.345114 0.461926
1.351142 0.466096
1.357193 0.470303
1.363270 0.474482
1.369378 0.478618
1.375499 0.482747
1.381613 0.486898
1.387740 0.491084
1.393895 0.495304
1.400060 0.499543
1.406251 0.503776
1.412466 0.507985
1.418696 0.512197
1.424926 0.516444
1.431174 0.520707
1.437446 0.524970
1.443727 0.529246
1.450030 0.533551
1.456358 0.537866
1.462702 0.542176
1.469054 0.546471
1.475425 0.550787
1.481802 0.555141
1.488182 0.559515
1.494576 0.563918
1.500983 0.568337
1.507399 0.572761
1.513815 0.577171
1.520221 0.581629
1.526619 0.586136
1.532998 0.590692
1.539376 0.595295
1.545733 0.599956
1.552089 0.604635
1.558434 0.609329
1.564759 0.614051
1.571054 0.618821
1.577328 0.623620
1.583567 0.628466
1.589788 0.633325
1.595973 0.638250
1.602150 0.643223
1.608294 0.648256
1.614420 0.653333
1.620508 0.658500
1.626594 0.663722
1.632668 0.669011
1.638737 0.674354
1.644776 0.679744
1.650790 0.685155
1.656772 0.690604
1.662757 0.696073
1.668729 0.701566
1.674699 0.707047
1.680614 0.712545
1.686516 0.718059
1.692436 0.723684
1.698312 0.729332
1.704145 0.735048
1.709980 0.740844
1.715773 0.746718
1.721538 0.752653
1.727259 0.758680
1.732970 0.764785
1.738622 0.770949
1.744271 0.777195
1.749880 0.783543
1.755445 0.789979
1.760997 0.796501
1.766539 0.803095
1.772032 0.809740
1.777521 0.816431
1.782975 0.823237
1.788430 0.830111
1.793903 0.837033
1.799351 0.843998
1.804799 0.851015
1.810245 0.858083
1.815654 0.865213
1.821063 0.872410
1.826503 0.879659
1.831955 0.886922
1.837408 0.894197
1.842870 0.901485
1.848347 0.908804
1.853822 0.916157
1.859294 0.923575
1.864787 0.931042
1.870308 0.938478
1.875877 0.945899
1.881449 0.953335
1.887014 0.960801
1.892600 0.968306
1.898194 0.975846
1.903804 0.983416
1.909440 0.991005
1.915100 0.998586
1.920788 1.006165
1.926483 1.013768
1.932176 1.021406
1.937891 1.029069
1.943629 1.036738
1.949383 1.044437
1.955138 1.052183
1.960913 1.059933
1.966731 1.067660
1.972581 1.075374
1.978426 1.083137
1.984280 1.090939
1.990161 1.098742
1.996068 1.106553
2.001968 1.114413
2.007879 1.122295
2.013825 1.130168
2.019794 1.138032
2.025798 1.145888
2.031807 1.153778
2.037808 1.161734
2.043824 1.169720
2.049860 1.177717
2.055903 1.185744
2.061970 1.193771
2.068078 1.201788
2.074223 1.209768
2.080372 1.217781
2.086506 1.225865
2.092643 1.233988
2.098800 1.242139
2.104971 1.250306
2.111180 1.258471
2.117433 1.266596
2.123707 1.274709
2.129974 1.282867
2.136242 1.291090
2.142506 1.299349
2.148795 1.307635
2.155131 1.315903
2.161521 1.324128
2.167913 1.332370
2.174284 1.340685
2.180660 1.349047
2.187036 1.357446
2.193449 1.365846
2.199923 1.374204
2.206448 1.382532
2.212969 1.390887
2.219475 1.399296
2.225997 1.407738
2.232526 1.416202
2.239083 1.424676
2.245695 1.433122
2.252351 1.441548
2.259006 1.449993
2.265654 1.458482
2.272313 1.467009
2.278988 1.475558
2.285687 1.484115
2.292416 1.492680
2.299184 1.501242
2.305948 1.509819
2.312720 1.518429
2.319506 1.527061
2.326316 1.535692
2.333148 1.544327
2.339996 1.552998
2.346862 1.561671
2.353761 1.570337
2.360668 1.579020
2.367578 1.587740
2.374504 1.596481
2.381448 1.605245
2.388412 1.614023
2.395397 1.622807
2.402404 1.631595
2.409410 1.640403
2.416415 1.649252
2.423423 1.658122
2.430441 1.667018
2.437464 1.675953
2.444488 1.684919
2.451533 1.693891
2.458607 1.702834
2.465677 1.711815
2.472726 1.720844
2.479755 1.729916
2.486788 1.739011
2.493808 1.748139
2.500810 1.757312
2.507776 1.766530
2.514728 1.775783
2.521643 1.785083
2.528532 1.794413
2.535378 1.803794
2.542202 1.813205
2.548984 1.822656
2.555750 1.832127
2.562471 1.841638
2.569157 1.851200
2.575775 1.860817
2.582376 1.870520
2.588918 1.880304
2.595415 1.890133
2.601876 1.900033
2.608320 1.909983
2.614727 1.919976
2.621133 1.930008
2.627522 1.940080
2.633906 1.950178
2.640274 1.960318
2.646626 1.970495
2.652951 1.980728
2.659263 1.991004
2.665579 2.001310
2.671910 2.011611
2.678215 2.021937
2.684507 2.032281
2.690783 2.042669
2.697035 2.053096
2.703262 2.063602
2.709488 2.074195
2.715702 2.084839
2.721912 2.095535
2.728117 2.106278
2.734332 2.117042
2.740565 2.127821
2.746817 2.138618
2.753072 2.149444
2.759344 2.160292
2.765635 2.171140
2.771947 2.181997
2.778263 2.192877
2.784591 2.203777
2.790936 2.214697
2.797287 2.225637
2.803648 2.236611
2.810029 2.247594
2.816432 2.258590
2.822845 2.269603
2.829258 2.280646
2.835687 2.291713
2.842114 2.302813
2.848537 2.313951
2.854996 2.325095
2.861512 2.336191
2.868070 2.347270
2.874610 2.358404
2.881152 2.369579
2.887687 2.380803
2.894212 2.392062
2.900793 2.403316
2.907438 2.414509
2.914118 2.425693
2.920764 2.436954
2.927395 2.448269
2.934029 2.459624
2.940681 2.470990
2.947397 2.482325
2.954156 2.493631
2.960898 2.504980
2.967623 2.516394
2.974360 2.527838
2.981112 2.539275
2.987901 2.550703
2.994724 2.562127
3.001571 2.573571
3.008400 2.585054
3.015231 2.596579
3.022077 2.608122
3.028940 2.619670
3.035832 2.631218
3.042755 2.642773
3.049671 2.654369
3.056584 2.665999
3.063533 2.677657
3.070496 2.689328
3.077468 2.700991
3.084478 2.712661
3.091522 2.724324
3.098547 2.736009
3.105583 2.747750
3.112645 2.759499
3.119718 2.771244
3.126799 2.783020
3.133892 2.794822
3.141001 2.806632
3.148121 2.818466
3.155268 2.830311
3.162440 2.842159
3.169614 2.854027
3.176798 2.865932
3.183996 2.877843
3.191209 2.889777
3.198417 2.901743
3.205642 2.913725
3.212896 2.925707
3.220181 2.937679
3.227481 2.949656
3.234784 2.961675
3.242087 2.973731
3.249401 2.985811
3.256721 2.997913
3.264049 3.010044
3.271401 3.022184
3.278782 3.034314
3.286203 3.046414
3.293623 3.058535
3.301034 3.070724
3.308441 3.082951
3.315867 3.095189
3.323313 3.107443
3.330775 3.119699
3.338267 3.131955
3.345781 3.144199
3.353295 3.156472
3.360797 3.168792
3.368301 3.181146
3.375812 3.193538
3.383344 3.205946
3.390894 3.218359
3.398478 3.230740
3.406096 3.243093
3.413692 3.255492
3.421249 3.267967
3.428781 3.280495
3.436305 3.293076
3.443857 3.305651
3.451444 3.318191
3.459068 3.330697
3.466654 3.343266
3.474194 3.355886
3.481704 3.368559
3.489201 3.381284
3.496691 3.394031
3.504190 3.406798
3.511653 3.419588
3.519103 3.432401
3.526505 3.445237
3.533883 3.458095
3.541206 3.471000
3.548504 3.483935
3.555764 3.496926
3.562991 3.509936
3.570162 3.522997
3.577301 3.536083
3.584368 3.549206
3.591393 3.562359
3.598352 3.575567
3.605290 3.588789
3.612143 3.602055
3.618942 3.615333
3.625647 3.628663
3.632297 3.642013
3.638835 3.655412
3.645300 3.668864
3.651615 3.682431
3.657853 3.696064
3.663967 3.709785
3.670013 3.723618
3.675901 3.737534
3.681662 3.751522
3.687286 3.765627
3.692850 3.779791
3.698253 3.794044
3.703562 3.808374
3.708724 3.822789
3.713783 3.837278
3.718754 3.851875
3.723639 3.866549
3.728414 3.881297
3.733115 3.896129
3.737715 3.911042
3.742257 3.926025
3.746758 3.941089
3.751224 3.956207
3.755657 3.971369
3.760084 3.986577
3.764505 4.001818
3.768932 4.017080
3.773376 4.032359
3.777846 4.047649
3.782320 4.062957
3.786807 4.078284
3.791295 4.093629
3.795788 4.108998
3.800264 4.124407
3.804721 4.139860
3.809187 4.155343
3.813716 4.170807
3.818283 4.186262
3.822830 4.201738
3.827359 4.217260
3.831878 4.232826
3.836353 4.248449
3.840837 4.264099
3.845386 4.279744
3.850015 4.295344
3.854659 4.310957
3.859252 4.326613
3.863827 4.342332
3.868387 4.358088
3.872938 4.373877
3.877540 4.389681
3.882203 4.405449
3.886878 4.421231
3.891522 4.437046
3.896155 4.452906
3.900782 4.468798
3.905409 4.484719
3.910074 4.500649
3.914783 4.516572
3.919523 4.532510
3.924244 4.548472
3.928951 4.564468
3.933664 4.580483
3.938391 4.596520
3.943143 4.612566
3.947927 4.628626
3.952720 4.644706
3.957517 4.660821
3.962317 4.676956
3.967128 4.693108
